  0.00581102160054586  0.01098576919386224  0.01854675480294370  0.02660184855482391
  0.03483600063309387  0.04313961942894141  0.05154381464115906  0.06003620629691598
  0.06864694351831069  0.07735449099094691  0.08616767101747567  0.09508743977322091
  0.10410707722946642  0.11325176284071040  0.12250832411557686  0.13189466988728810
  0.14139699485928967  0.15102508199799630  0.16077662912575080  0.17065203254646399
  0.18065273341758370  0.19077838582116152  0.20102981605032824  0.21140869167953899
  0.22191966417102157  0.23256845777636070  0.24335099741777100  0.25426107005398474
  0.26529491631466867  0.27646119406823960  0.28775813407539452  0.29918551188565751
  0.31073972586698251  0.32242568073333128  0.33422735184385322  0.34614157944718393
  0.35816460344769191  0.37029626682127004  0.38252328143962638  0.39483992938468460
  0.40724084340730726  0.41972464442844759  0.43227081364807501  0.44487830105620924
  0.45751617620246215  0.47020041249765865  0.48290438471080854  0.49563692579623186
  0.50836650902754488  0.52109239597478230  0.53379673464815380  0.54647372870377919
  0.55910612671888127  0.57168750984065952  0.58420374776307105  0.59665452156885446
  0.60903334044085422  0.62132949126619286  0.63353101265838951  0.64562756210099115
  0.65761641793076064  0.66948585723124487  0.68124713423023775  0.69288793714485730
  0.70441781944884996  0.71581727138778450  0.72709831806566683  0.73823908922718218
  0.74925136969527539  0.76011882075673132  0.77086217047687400  0.78146947819630719
  0.79195634824759853  0.80230365536938841  0.81252636224362107  0.82261183069048083
  0.83257937431427076  0.84240500893602721  0.85210593616514307  0.86166761155328386
  0.87111669171147776  0.88044520301443585  0.88966983501792651  0.89878115949899173
  0.90777766204845345  0.91666590349580535  0.92543644555550508  0.93410611823968426
  0.94266695070225481  0.95111785023193218  0.95947393600385578  0.96773299933573531
  0.97591022032378616  0.98401416204677816  0.99202508148722068  1.00000000000000000
 -0.00231661649766807  0.00995087678107534  0.02011404556712643  0.03056363329310011
  0.04102133802958575  0.05145688192444874  0.06187840656670518  0.07243940459180194
  0.08297895719331516  0.09349328893900108  0.10401368291104501  0.11469546733240807
  0.12536624399217156  0.13601461201672002  0.14657603118466458  0.15705061395979883
  0.16756366663288605  0.17816599300848446  0.18877857578450880  0.19929253336369424
  0.20977037182070707  0.22023896021511050  0.23073854365890525  0.24118320528457887
  0.25165779245709147  0.26216522454321706  0.27265087851064268  0.28311537727466174
  0.29351761156846856  0.30398663836169737  0.31446629970973949  0.32499051610634222
  0.33544119080554935  0.34597076885847106  0.35642884362377408  0.36696132343687798
  0.37748902019782843  0.38809749726730136  0.39868553502303050  0.40916682957113948
  0.41969216275235388  0.43015281224362806  0.44059146221588713  0.45094842489093484
  0.46136419419735591  0.47185814498746331  0.48242057652779408  0.49299362009181980
  0.50347916169805795  0.51388706454571831  0.52435324059434429  0.53496130605931125
  0.54553643545245578  0.55612895771401682  0.56666832095383024  0.57728536000237152
  0.58787283406781687  0.59850665555197213  0.60914588482811938  0.61980941190373329
  0.63043697290621825  0.64108161403292829  0.65166323921457148  0.66230591658309768
  0.67291214296783952  0.68347545685462396  0.69397470843001796  0.70453193550258031
  0.71514587187542933  0.72576260027992157  0.73640261659523043  0.74701217155632260
  0.75757324943280191  0.76809197006974961  0.77869843560928853  0.78930267346827954
  0.79989236180757683  0.81046014511550124  0.82103954445873184  0.83156393308485765
  0.84208524020193865  0.85256502827568725  0.86300093638134490  0.87343236775991573
  0.88387962467427017  0.89440297331578833  0.90499416968070534  0.91559692485167310
  0.92621116178200258  0.93685642316599038  0.94747001708622780  0.95804485278318041
  0.96856792598194774  0.97907262870947764  0.98955945449859095  1.00000000000000000
   1.5485449000316613E-015  -1.0000000000000000     
 F F F F F F F F
  <DiscreteSampler_grid>
  grouped_processes
  1 # 1 for a reference and 2 for a running grid.
  10 # Attribute 'min_bin_probing_points' of the grid.
  1 # Attribute 'grid_mode' of the grid. 1=='default',2=='initialization'
  0.0000000000000000 # Attribute 'small_contrib_threshold' of the grid.
  0.5000000000000000 # Attribute 'damping_power' of the grid.
 # binID   n_entries weight   weight_sqr   abs_weight
    10   10   3.722637495648974E-007   1.458364016945796E-013   3.722637495648974E-007
  </DiscreteSampler_grid>
