  0.00564313537138667  0.01083490360068563  0.01839504976342204  0.02644749218088615
  0.03467800771851046  0.04298617553582802  0.05139678373363768  0.05989231015406988
  0.06850244817589436  0.07720592843463972  0.08601984273037222  0.09494830258631573
  0.10398443192477647  0.11314119160132836  0.12240457836770950  0.13178766058835020
  0.14129072391389694  0.15092164799181026  0.16067809815981002  0.17056079046009723
  0.18056963053079289  0.19070663159226678  0.20096999349692549  0.21135634940777603
  0.22187231448514683  0.23252462928632067  0.24331473992499386  0.25423148870252138
  0.26527243533806671  0.27644470248319636  0.28775001863990340  0.29918897699038566
  0.31075044319497996  0.32243456839313578  0.33422931170787923  0.34613377300067893
  0.35813913007721976  0.37024503088024152  0.38245048179298807  0.39476031518221738
  0.40716049421089118  0.41964132797638742  0.43218696087338254  0.44479106308673722
  0.45742757584090604  0.47010904087370103  0.48283401312916474  0.49558921825504049
  0.50834558488905068  0.52109041931153832  0.53380396982554978  0.54648455551006769
  0.55912469156062006  0.57172790666914053  0.58426999951581038  0.59673160651557000
  0.60910499385281747  0.62139784768425443  0.63360648053010793  0.64571473340847219
  0.65772084166127187  0.66961284101253482  0.68138580684271255  0.69302282288902251
  0.70453841069808587  0.71591893159610631  0.72718139817462324  0.73831275680707498
  0.74933198868328466  0.76020950039286395  0.77095003876216317  0.78155136599268848
  0.79203115887466724  0.80238067619773690  0.81259997712569132  0.82267183338435357
  0.83261740821170271  0.84242107360724749  0.85210870699700869  0.86167335169584591
  0.87113719575608450  0.88047803862106810  0.88970039359403563  0.89880684283236867
  0.90780718109373737  0.91670775610937727  0.92548925721121100  0.93416585816586095
  0.94273830618478949  0.95121197185018314  0.95958653168037789  0.96783712310293335
  0.97598975821770872  0.98406116000154653  0.99204187632523966  1.00000000000000000
 -0.00240809253629287  0.00957260154229626  0.01974682536286067  0.03016889683132157
  0.04065656939952079  0.05110436911018600  0.06158903557213004  0.07218745168712400
  0.08274205418840526  0.09332051511308530  0.10384241780154396  0.11454226164065796
  0.12525250012750250  0.13595559961753803  0.14663796694303610  0.15726379900815826
  0.16789341911025990  0.17842673309518478  0.18900830475130520  0.19953736052570198
  0.21009411845868559  0.22053636555043676  0.23099235492232753  0.24144045467040226
  0.25191544781814174  0.26238386170914318  0.27291881486019592  0.28346835950329324
  0.29405293270307564  0.30455055950997045  0.31515641651147042  0.32579140759057007
  0.33635311267515816  0.34685507829977913  0.35741681524073271  0.36802303582507601
  0.37863928905290994  0.38909786866621732  0.39963407395568196  0.41010086326558137
  0.42065349320630524  0.43110243099646850  0.44160081784465799  0.45208472901908420
  0.46273972406684272  0.47340550669362880  0.48402228291220223  0.49456807736815422
  0.50521457936505820  0.51594194757642109  0.52659093571369087  0.53720653201247082
  0.54781778267744308  0.55841565171687357  0.56901582407430762  0.57955610459670248
  0.59017547203048648  0.60074608382845485  0.61126292391027437  0.62173905405656349
  0.63218596733850274  0.64263811054391762  0.65313629933557982  0.66363515555575103
  0.67422326044942338  0.68474226916945391  0.69524495881801052  0.70569086902147649
  0.71619852557546249  0.72669049405321218  0.73715767342941585  0.74762773890341527
  0.75817762341647998  0.76879975087197372  0.77928980583949325  0.78973313481935214
  0.80007811065493339  0.81045822131776957  0.82085016713914438  0.83129761968703819
  0.84177396542569649  0.85233813517233414  0.86293082402558174  0.87353125195747827
  0.88403465348745891  0.89454510074600813  0.90504758990166412  0.91549085909198369
  0.92594865237253710  0.93633247034130562  0.94681878722337964  0.95723116258595198
  0.96786372905886375  0.97850689328533647  0.98927249574964449  1.00000000000000000
   5.9557443499698157E-011  -1.0000000000000000     
 F F F F F F F F
  <DiscreteSampler_grid>
  grouped_processes
  1 # 1 for a reference and 2 for a running grid.
  10 # Attribute 'min_bin_probing_points' of the grid.
  1 # Attribute 'grid_mode' of the grid. 1=='default',2=='initialization'
  0.0000000000000000 # Attribute 'small_contrib_threshold' of the grid.
  0.5000000000000000 # Attribute 'damping_power' of the grid.
 # binID   n_entries weight   weight_sqr   abs_weight
    10   10   1.600831448947748E-002   2.729646643683849E-004   1.600831448947748E-002
  </DiscreteSampler_grid>
