0 1.0000000000e-02 91.2 1.0000000000e-04 10000 fccee_z_50 medium
1 1.1513953993e-02 91.2 1.0000000000e-04 10000 fccee_z_50 medium
2 1.3257113656e-02 91.2 1.0000000000e-04 10000 fccee_z_50 medium
3 1.5264179672e-02 91.2 1.0000000000e-04 10000 fccee_z_50 medium
4 1.7575106249e-02 91.2 1.0000000000e-04 10000 fccee_z_50 medium
5 2.0235896477e-02 91.2 1.0000000000e-04 10000 fccee_z_50 medium
6 2.3299518105e-02 91.2 1.0000000000e-04 10000 fccee_z_50 medium
7 2.6826957953e-02 91.2 1.0000000000e-04 10000 fccee_z_50 medium
8 3.0888435965e-02 91.2 1.0000000000e-04 10000 fccee_z_50 medium
9 3.5564803062e-02 91.2 1.0000000000e-04 10000 fccee_z_50 medium
10 4.0949150624e-02 91.2 1.0000000000e-04 10000 fccee_z_50 medium
11 4.7148663635e-02 91.2 1.0000000000e-04 10000 fccee_z_50 medium
12 5.4286754393e-02 91.2 1.0000000000e-04 10000 fccee_z_50 medium
13 6.2505519253e-02 91.2 1.0000000000e-04 10000 fccee_z_50 medium
14 7.1968567300e-02 91.2 1.0000000000e-04 10000 fccee_z_50 medium
15 8.2864277285e-02 91.2 1.0000000000e-04 10000 fccee_z_50 medium
16 9.5409547635e-02 91.2 1.0000000000e-04 10000 fccee_z_50 medium
17 1.0985411419e-01 91.2 1.0000000000e-04 10000 fccee_z_50 medium
18 1.2648552169e-01 91.2 1.0000000000e-04 10000 fccee_z_50 medium
19 1.4563484775e-01 91.2 1.0000000000e-04 10000 fccee_z_50 medium
20 1.6768329368e-01 91.2 1.0000000000e-04 10000 fccee_z_50 medium
21 1.9306977289e-01 91.2 1.0000000000e-04 10000 fccee_z_50 medium
22 2.2229964825e-01 91.2 1.0000000000e-04 10000 fccee_z_50 medium
23 2.5595479227e-01 91.2 1.0000000000e-04 10000 fccee_z_50 medium
24 2.9470517026e-01 91.2 1.0000000000e-04 10000 fccee_z_50 medium
25 3.3932217719e-01 91.2 1.0000000000e-04 10000 fccee_z_50 medium
26 3.9069399371e-01 91.2 1.0000000000e-04 10000 fccee_z_50 medium
27 4.4984326689e-01 91.2 1.0000000000e-04 10000 fccee_z_50 medium
28 5.1794746792e-01 91.2 1.0000000000e-04 10000 fccee_z_50 medium
29 5.9636233166e-01 91.2 1.0000000000e-04 10000 fccee_z_50 medium
30 6.8664884500e-01 91.2 1.0000000000e-04 10000 fccee_z_50 medium
31 7.9060432109e-01 91.2 1.0000000000e-04 10000 fccee_z_50 medium
32 9.1029817799e-01 91.2 1.0000000000e-04 10000 fccee_z_50 medium
33 1.0481131342e+00 91.2 1.0000000000e-04 10000 fccee_z_50 medium
34 1.2067926406e+00 91.2 1.0000000000e-04 10000 fccee_z_50 medium
35 1.3894954944e+00 91.2 1.0000000000e-04 10000 fccee_z_50 medium
36 1.5998587196e+00 91.2 1.0000000000e-04 10000 fccee_z_50 medium
37 1.8420699693e+00 91.2 1.0000000000e-04 10000 fccee_z_50 medium
38 2.1209508879e+00 91.2 1.0000000000e-04 10000 fccee_z_50 medium
39 2.4420530945e+00 91.2 1.0000000000e-04 10000 fccee_z_50 medium
40 2.8117686970e+00 91.2 1.0000000000e-04 10000 fccee_z_50 medium
41 3.2374575428e+00 91.2 1.0000000000e-04 10000 fccee_z_50 medium
42 3.7275937203e+00 91.2 1.0000000000e-04 10000 fccee_z_50 medium
43 4.2919342601e+00 91.2 1.0000000000e-04 10000 fccee_z_50 medium
44 4.9417133613e+00 91.2 1.0000000000e-04 10000 fccee_z_50 medium
45 5.6898660290e+00 91.2 1.0000000000e-04 10000 fccee_z_50 medium
46 6.5512855686e+00 91.2 1.0000000000e-04 10000 fccee_z_50 medium
47 7.5431200634e+00 91.2 1.0000000000e-04 10000 fccee_z_50 medium
48 8.6851137375e+00 91.2 1.0000000000e-04 10000 fccee_z_50 medium
49 1.0000000000e+01 91.2 1.0000000000e-04 10000 fccee_z_50 medium
