  0.00564333738885209  0.01154901322926942  0.01882019141047499  0.02684788081248509
  0.03507483952467615  0.04336461697144624  0.05176034007761567  0.06024644648093401
  0.06885458054738947  0.07755170667245183  0.08635503942357767  0.09526879976651709
  0.10428863003885326  0.11343190611245225  0.12268252899799680  0.13205670705228109
  0.14155537333166093  0.15118318641854997  0.16093397806650486  0.17081126452425963
  0.18081290467806838  0.19093886498009163  0.20119237561004999  0.21157857072523797
  0.22210101838940197  0.23275860185598168  0.24354544573239684  0.25446171247257787
  0.26550665831238540  0.27668326559277384  0.28798547946567477  0.29941537025726156
  0.31096575825441536  0.32263968519039776  0.33442513248700229  0.34632912937166432
  0.35834463229289787  0.37046105141570873  0.38266922916007234  0.39497313667494804
  0.40737460974806833  0.41986772451635113  0.43242236745932017  0.44503719987948887
  0.45768174398310535  0.47036745729714102  0.48307923218509763  0.49581004458168565
  0.50854335071643786  0.52127357264130625  0.53398525431227262  0.54664808699879475
  0.55925413504963239  0.57180839003020534  0.58431175596660834  0.59675718596084915
  0.60912378160648850  0.62139680337708769  0.63357713822650885  0.64566448961216172
  0.65765957832612221  0.66954108467881124  0.68131374274103307  0.69296169673594488
  0.70449493607650915  0.71589310572207288  0.72716659973518061  0.73830237676813837
  0.74931408359672125  0.76018535868643444  0.77093111268928494  0.78154176474756587
  0.79202205698143513  0.80235970706678217  0.81256664933637635  0.82263766332068411
  0.83258616838329835  0.84240109595073909  0.85210177833472922  0.86167667651929714
  0.87113391967553022  0.88045529441064252  0.88966312160393290  0.89875850724286699
  0.90774665642736319  0.91663278340903431  0.92540535577119720  0.93407993829924651
  0.94265036011139136  0.95111305921968203  0.95947607491893150  0.96773579966692413
  0.97590191425250938  0.98399627539758838  0.99200871771290045  1.00000000000000000
 -0.00245827575484756  0.00964767903937979  0.01983882374762999  0.03039007287881759
  0.04091017571266535  0.05154733204201254  0.06216200076707359  0.07272208604155161
  0.08325562724477344  0.09377833135022050  0.10429574766527193  0.11478403771925433
  0.12529130508150879  0.13582512855500770  0.14632028380141213  0.15683779908789247
  0.16735595126326794  0.17786731135448478  0.18835713777680449  0.19888733261095815
  0.20939990486835580  0.21989533758435378  0.23041617376633217  0.24101797200190109
  0.25156815774350527  0.26215003395720271  0.27272961056880013  0.28332730673582424
  0.29390655808853033  0.30449039658986815  0.31507088608112116  0.32567495919925521
  0.33627356688325449  0.34693395721906950  0.35756119917949103  0.36812336029730192
  0.37867109117823194  0.38922795951278039  0.39975638955742038  0.41032990382560841
  0.42085663747581298  0.43138423609153886  0.44184130576455916  0.45231387631591541
  0.46277792747480190  0.47324444926399351  0.48370933555001649  0.49430822274873631
  0.50490885813936393  0.51552758389384246  0.52609447185387959  0.53668202080811500
  0.54728591236898771  0.55787899341997904  0.56850752357733103  0.57910928620462288
  0.58969734416361752  0.60024973613444854  0.61077949584766322  0.62129816510204816
  0.63173661727370334  0.64219362557185589  0.65270503340563601  0.66323490711896227
  0.67384429139389879  0.68436379312847728  0.69488455675923855  0.70540310901092051
  0.71594337839212630  0.72654792466581741  0.73701104631349235  0.74750269544751380
  0.75794178967737258  0.76841968978035202  0.77894910325872624  0.78947008778355987
  0.80002737103896326  0.81051813111548421  0.82103565192163164  0.83150440268665593
  0.84203356781200978  0.85254684421012727  0.86308100013004740  0.87358758867873154
  0.88413082549667599  0.89475555514162552  0.90533926454449754  0.91595653239960961
  0.92646414376404584  0.93697276099617188  0.94745789763342581  0.95788712118819763
  0.96834234369261973  0.97879951215098482  0.98938861032421688  1.00000000000000000
   1.1297955113512299E-011  -1.0000000000000000     
 F F F F F F F F
  <DiscreteSampler_grid>
  grouped_processes
  1 # 1 for a reference and 2 for a running grid.
  10 # Attribute 'min_bin_probing_points' of the grid.
  1 # Attribute 'grid_mode' of the grid. 1=='default',2=='initialization'
  0.0000000000000000 # Attribute 'small_contrib_threshold' of the grid.
  0.5000000000000000 # Attribute 'damping_power' of the grid.
 # binID   n_entries weight   weight_sqr   abs_weight
    10   10   2.098394371773147E+001   4.625429810685729E+002   2.098394371773147E+001
  </DiscreteSampler_grid>
