  0.05488741000493370  0.21120488359248923  0.21407643385164521  0.21694798411080118
  0.21981953436995716  0.22269108462911313  0.22556263488826911  0.22843418514742511
  0.23174435220156908  0.23520471484801114  0.23866507749445320  0.24212544014089527
  0.24558580278733733  0.24904616543377939  0.27286204770183980  0.27650114379350066
  0.28014023988516157  0.28377933597682248  0.28741843206848339  0.29105752816014424
  0.29389173433429733  0.29656412654621200  0.29923651875812662  0.30190891097004124
  0.30458130318195592  0.30725369539387054  0.30992608760578516  0.31259847981769984
  0.31527087202961446  0.31794326424152908  0.32061565645344375  0.32328804866535837
  0.32596044087727299  0.32863283308918761  0.33130522530110229  0.33422954910393921
  0.33794691501340213  0.34166428092286510  0.34538164683232808  0.34909901274179106
  0.35281637865125404  0.43366179714444408  0.50182372532947728  0.50571536997909761
  0.50960701462871805  0.51349865927833849  0.51739030392795882  0.52116142256746056
  0.52400752895587754  0.52685363534429441  0.52969974173271128  0.53254584812112826
  0.53539195450954513  0.53823806089796200  0.54108416728637898  0.54393027367479585
  0.54677638006321272  0.54962248645162959  0.55246859284004646  0.55531469922846333
  0.55816080561688020  0.56100691200529706  0.56434352334289861  0.56822141856427655
  0.57209931378565437  0.57597720900703220  0.57985510422841002  0.59619995552494087
  0.72104269464610948  0.75266427871055541  0.75613316693413313  0.75960205515771084
  0.76307094338128856  0.76653983160486627  0.77000871982844399  0.77347760805202170
  0.77694649627559942  0.78041538449917713  0.78388427272275496  0.78735316094633268
  0.79082204916991039  0.79429093739348811  0.79775982561706582  0.80122871384064354
  0.80469760206422125  0.80816649028779897  0.81163537851137668  0.90622564684673612
  0.96177911673450345  0.96769347332927513  0.97360782992404682  0.97947511126630771
  0.98460633344973070  0.98973755563315380  0.99486877781657679  1.00000000000000000
  0.20195906956990556  0.46098439866539476  0.46363546399745631  0.46628652932951781
  0.46893759466157936  0.47158865999364086  0.47423972532570235  0.47689079065776391
  0.47961998063490718  0.48282307003954150  0.48602615944417588  0.48922924884881019
  0.49243233825344457  0.49563542765807889  0.49883851706271326  0.57597232663947406
  0.68770651780481284  0.69091761012391650  0.69412870244302005  0.69733979476212371
  0.70055088708122737  0.70376197940033103  0.70697307171943458  0.71018416403853823
  0.71339525635764200  0.71660634867674566  0.71981744099584932  0.72302853331495298
  0.72623962563405664  0.72945071795316030  0.73266181027226396  0.73587290259136762
  0.73908399491047116  0.74229508722957482  0.74550617954867848  0.74871727186778214
  0.75216686692673485  0.75577511156863264  0.75938335621053032  0.76299160085242812
  0.76659984549432592  0.77020809013622360  0.77381633477812140  0.77742457942001919
  0.78103282406191699  0.78464106870381478  0.78824931334571258  0.79185755798761037
  0.79546580262950817  0.79907404727140585  0.80268229191330365  0.80629053655520133
  0.80989878119709913  0.81346131209597861  0.81690576117085201  0.82035021024572541
  0.82379465932059881  0.82723910839547210  0.83068355747034550  0.83392320876766080
  0.83647997784414541  0.83903674692063002  0.84159351599711474  0.84415028507359935
  0.84670705415008396  0.84926382322656868  0.85182059230305329  0.85437736137953790
  0.85693413045602251  0.85949089953250712  0.86204766860899185  0.86460443768547646
  0.86716120676196107  0.86971797583844568  0.87227474491493029  0.87483151399141490
  0.87835839440915997  0.88195371319167393  0.88554903197418788  0.88914435075670173
  0.89273966953921569  0.91246440314067778  0.96040703011734618  0.96377794958112417
  0.96714886904490205  0.97051978850867993  0.97389070797245780  0.97726162743623568
  0.98038519614907449  0.98318731098492096  0.98598942582076743  0.98879154065661401
  0.99159365549246048  0.99439577032830695  0.99719788516415342  1.00000000000000000
   3.1728856745685669E-014  -1.0000000000000000     
 F F F F F F F F
  <DiscreteSampler_grid>
  grouped_processes
  1 # 1 for a reference and 2 for a running grid.
  10 # Attribute 'min_bin_probing_points' of the grid.
  1 # Attribute 'grid_mode' of the grid. 1=='default',2=='initialization'
  0.0000000000000000 # Attribute 'small_contrib_threshold' of the grid.
  0.5000000000000000 # Attribute 'damping_power' of the grid.
 # binID   n_entries weight   weight_sqr   abs_weight
    10   10   1.600872785863038E-002   2.729787616212932E-004   1.600872785863038E-002
  </DiscreteSampler_grid>
